Date;Total ;Shell;Bouygues;Gazprom;EDF
02/01/2019;42.607574;51.072792;25.304159;3.712607;12.338931
03/01/2019;42.704430;50.960899;25.071402;3.762109;12.187478
04/01/2019;43.955448;52.114216;25.620047;3.844611;12.142932
07/01/2019;43.874741;52.183067;25.686548;3.894113;12.191933
08/01/2019;43.737530;51.864609;25.187780;3.894113;12.089478
09/01/2019;44.697998;52.467094;25.013214;3.951864;12.263205
10/01/2019;44.359009;52.708080;25.295847;3.935364;12.379020
11/01/2019;43.495403;52.105606;24.979961;3.927114;12.463655
14/01/2019;43.826317;51.993713;24.522757;3.910613;12.258750
15/01/2019;43.430828;52.002323;24.680700;3.861112;12.423564
16/01/2019;43.261326;51.666660;24.838642;3.861112;12.205295
17/01/2019;43.390472;51.795757;24.763828;3.877612;12.316658
18/01/2019;44.036163;52.561775;25.038151;3.918863;12.744288
22/01/2019;43.164482;51.313778;24.680700;3.885862;12.566109
23/01/2019;42.736706;50.702698;24.689013;3.943614;12.521564
24/01/2019;43.051487;50.642448;24.672388;4.009616;12.512654
25/01/2019;43.753674;50.926472;25.395601;4.017866;12.739835
28/01/2019;43.253265;50.444492;25.711489;3.951864;12.534927
29/01/2019;43.640682;50.642448;25.644985;4.001366;12.450293
30/01/2019;43.721390;51.262146;25.628361;4.100368;12.477019
31/01/2019;44.173378;53.129814;25.753050;4.034367;12.842287
01/02/2019;44.641499;54.085175;25.703175;4.092118;12.855651
04/02/2019;44.802925;54.575756;25.794615;4.067368;12.895741
05/02/2019;45.109627;54.808140;25.487040;4.083868;12.975922
06/02/2019;44.891708;54.945850;25.894371;4.034367;13.274371
07/02/2019;44.036163;54.085175;25.877741;3.943614;13.372371
08/02/2019;44.520432;54.136818;25.437166;3.960115;13.314463
11/02/2019;44.512360;53.766720;24.639135;4.001366;13.096192
12/02/2019;44.883640;54.360588;24.913458;4.034367;13.029376
13/02/2019;44.294445;54.265907;24.921770;3.877612;12.895741
14/02/2019;44.689930;54.257175;25.071402;3.828110;13.127374
15/02/2019;45.432476;54.659084;25.013214;3.910613;13.225373
19/02/2019;45.513180;55.174568;25.769676;3.836361;12.463655
20/02/2019;45.488972;55.296894;25.977497;3.852862;12.116206
21/02/2019;45.271046;54.484348;25.620047;3.828110;11.929117
22/02/2019;45.868313;54.755188;26.243507;3.836361;11.973661
25/02/2019;45.593899;54.650349;27.191162;3.852862;11.652939
26/02/2019;45.731102;54.589180;27.265980;3.869362;11.327761
27/02/2019;45.763393;54.615398;27.324171;3.877612;11.407942
28/02/2019;45.932884;54.353283;27.307541;3.894113;11.376760
01/03/2019;46.175014;54.449387;27.423923;3.869362;11.497031
04/03/2019;46.441368;54.423183;27.640057;3.828110;11.376760
05/03/2019;46.675430;54.501820;27.581865;3.811610;11.407942
06/03/2019;46.449436;54.510551;27.299232;3.811610;11.358942
07/03/2019;46.086231;53.794113;27.049850;3.720858;11.416851
08/03/2019;45.714958;53.121357;27.099722;3.712607;11.171854
11/03/2019;45.949032;53.497051;26.767212;3.770359;11.047128
12/03/2019;45.916744;53.593159;26.467953;3.770359;10.940222
13/03/2019;47.095131;55.034786;26.609266;3.786860;11.042674
14/03/2019;47.111279;55.087200;26.384823;3.828110;11.225309
15/03/2019;47.248093;55.296894;26.318323;3.844611;11.056038
18/03/2019;47.926342;55.995846;26.434700;3.951864;11.550487
19/03/2019;47.141869;55.873535;27.166227;3.935364;11.519304
20/03/2019;47.329807;56.336601;27.249353;3.976615;11.425760
21/03/2019;46.986607;55.987114;26.875280;3.960115;11.314398
22/03/2019;45.769039;54.938667;26.567705;3.828110;11.162945
25/03/2019;45.523891;54.860039;26.966721;3.869362;11.207490
26/03/2019;45.916126;55.218254;26.351574;3.811610;11.109491
27/03/2019;45.548405;54.676563;26.160378;3.762109;10.940222
28/03/2019;45.409485;54.728977;26.243507;3.770359;10.926858
29/03/2019;45.474865;54.685299;26.285072;3.729108;10.993675
01/04/2019;45.940643;55.288155;25.994122;3.861112;10.748678
02/04/2019;45.728188;55.489101;26.476267;3.861112;10.860040
03/04/2019;45.646465;55.759953;27.124664;3.902363;10.980311
04/04/2019;45.785381;55.891010;27.199480;3.943614;11.113946
05/04/2019;46.357395;56.371544;27.565241;3.968364;11.051582
08/04/2019;46.627060;57.053043;27.565241;4.034367;10.695225
09/04/2019;46.120419;56.415237;27.631746;4.092118;10.851131
10/04/2019;46.398243;56.799664;27.664995;4.149870;10.646224
11/04/2019;46.071384;56.721024;27.515364;4.001366;10.619498
12/04/2019;46.038696;56.354073;28.022446;4.042617;11.011492
15/04/2019;46.055046;56.423973;28.180389;4.042617;10.931312
16/04/2019;45.499378;56.179333;28.263515;4.149870;10.793223
17/04/2019;46.120419;56.432709;28.670845;4.174621;11.118400
18/04/2019;46.357395;56.091961;28.945166;4.133369;11.260943
22/04/2019;47.272606;57.000614;29.086485;4.149870;11.448032
23/04/2019;46.888546;56.790920;29.094797;4.166371;11.430215
24/04/2019;45.433998;55.445412;28.612654;4.067368;11.314398
25/04/2019;45.670979;55.585209;28.961790;4.009616;11.105038
26/04/2019;45.082623;55.095932;28.845415;4.067368;11.047128
29/04/2019;44.698563;55.157097;28.986731;4.158120;11.145128
30/04/2019;45.491207;55.506580;29.194548;4.141620;11.220855
01/05/2019;44.935539;54.798878;29.299379;4.133369;11.439124
02/05/2019;45.017258;55.655109;29.412941;4.149870;11.216400
03/05/2019;45.090801;56.170593;29.115929;4.166371;11.131764
06/05/2019;44.118382;56.013332;28.740295;4.133369;11.020402
07/05/2019;42.876305;54.370758;28.635468;4.116869;11.185217
08/05/2019;42.917156;54.790134;28.958689;4.125119;11.024857
09/05/2019;43.137791;55.157097;28.460756;4.092118;10.860040
10/05/2019;43.521847;55.524048;28.452019;4.108619;10.833312
13/05/2019;42.925327;55.375523;27.805580;4.059118;10.824405
14/05/2019;43.309395;56.013332;28.085123;4.950143;11.176310
15/05/2019;43.677116;56.668606;28.757765;4.941893;11.336669
16/05/2019;44.355354;56.970039;29.168341;5.123398;11.336669
17/05/2019;44.788452;56.978897;28.783974;5.032646;11.354488
20/05/2019;44.853821;57.120743;28.338455;5.106898;11.154037
21/05/2019;44.992741;57.156219;28.469492;5.379155;11.180764
22/05/2019;44.232784;56.491299;28.233627;5.313154;11.111297
23/05/2019;43.301220;55.374237;27.692019;5.280152;10.840731
24/05/2019;43.652599;56.118938;27.866732;5.131648;10.890334
28/05/2019;43.227676;55.462894;27.814316;5.082147;11.021109
29/05/2019;42.908985;55.285587;27.473627;5.205900;10.836222
30/05/2019;42.508568;55.214649;27.517305;5.329654;11.124826
31/05/2019;42.083660;54.797981;27.849258;5.362655;11.079732
03/06/2019;42.721035;55.303310;27.368797;5.898921;11.327752
04/06/2019;43.080585;55.391964;27.202822;5.783417;11.458526
05/06/2019;42.753727;55.640202;27.464891;5.750416;11.219523
06/06/2019;43.595394;56.402641;27.543512;5.816419;11.350298
07/06/2019;44.217957;57.165081;27.237764;5.857669;11.079732
10/06/2019;44.507889;56.987770;27.648338;5.874170;11.408921
11/06/2019;45.154011;57.191673;27.779371;5.931922;11.363828
12/06/2019;43.745796;56.287388;27.849258;5.841168;11.233053
13/06/2019;43.762367;56.517895;27.473627;5.948422;10.953466
14/06/2019;44.052292;56.234196;27.456156;5.907171;10.741522
17/06/2019;43.596695;55.782047;27.464891;5.849420;10.624276
18/06/2019;44.474751;56.668606;27.325121;5.931922;10.547615
19/06/2019;44.781242;57.076424;27.997765;5.964922;10.994051
20/06/2019;45.518490;58.087090;28.390871;6.039175;10.872296
21/06/2019;45.866402;58.246674;28.216154;5.931922;10.502522
24/06/2019;46.181179;58.388523;28.050180;6.063925;10.277048
25/06/2019;45.932674;58.299870;27.884203;6.022675;9.997462
26/06/2019;46.454536;58.521511;27.779371;6.072176;9.929821
27/06/2019;46.056923;57.705875;27.927879;6.022675;9.785518
28/06/2019;46.214317;57.688145;27.980293;6.039175;9.875708
01/07/2019;46.413113;57.803398;28.452019;6.360934;9.997462
02/07/2019;46.338562;57.723610;28.635468;6.344433;9.925311
03/07/2019;45.982372;57.342388;28.425814;6.476437;10.001971
05/07/2019;45.866402;57.262600;28.635468;6.443436;10.231954
08/07/2019;46.056923;57.111889;28.775238;6.393935;10.087651
09/07/2019;45.957520;57.129616;28.652939;6.410435;10.001971
10/07/2019;46.636780;57.838860;28.504435;6.492938;9.997462
11/07/2019;46.744469;57.962978;28.128801;6.426936;10.020009
12/07/2019;46.761036;57.679276;28.067652;6.369184;10.029028
15/07/2019;46.868725;57.182812;27.753168;6.261931;10.038047
16/07/2019;46.048649;56.579952;27.700752;6.187679;9.979424
17/07/2019;45.253414;56.145542;27.962822;6.129386;10.010990
18/07/2019;45.104309;55.968227;28.740295;6.120542;9.970406
19/07/2019;45.145725;56.429234;28.687881;6.023250;9.875708
22/07/2019;45.071171;56.650871;28.617994;6.049785;10.029028
23/07/2019;44.980053;56.553352;28.687881;6.040939;9.965896
24/07/2019;44.532738;56.003689;28.530642;5.872890;9.920801
25/07/2019;44.143410;55.737728;28.696615;6.226679;9.880216
26/07/2019;44.425045;55.870701;28.827654;6.465486;9.938839
29/07/2019;44.458187;56.260788;29.124664;6.545089;9.898253
30/07/2019;44.027443;56.562218;29.203285;6.553933;10.177840
31/07/2019;42.859447;55.755451;29.011101;6.465486;10.168821
01/08/2019;42.188480;52.111713;28.312248;6.315126;9.961387
02/08/2019;40.912800;51.783688;28.286043;6.164765;10.114708
05/08/2019;40.705704;50.595699;28.757765;5.970182;10.069613
06/08/2019;40.564888;50.799606;28.259832;6.102853;9.907272
07/08/2019;40.390926;50.595699;27.421213;6.164765;9.532988
08/08/2019;40.854809;51.437927;27.796844;6.253213;9.523970
09/08/2019;40.415787;50.799606;27.735695;6.182455;9.532988
12/08/2019;40.283241;50.684349;28.207420;6.164765;9.672782
13/08/2019;40.945930;51.154232;27.954088;6.226679;9.505931
14/08/2019;40.026447;49.983986;27.657074;6.058629;9.469856
15/08/2019;39.802799;49.668423;27.989031;6.040939;9.510441
16/08/2019;39.769653;50.092167;27.613398;5.908269;9.420252
19/08/2019;40.515182;50.542965;27.368797;5.979027;9.293987
20/08/2019;40.233543;50.182323;27.936615;6.111697;9.505931
21/08/2019;40.689137;50.705254;28.417076;6.164765;9.726894
22/08/2019;40.564888;50.389694;28.198685;6.226679;9.433781
23/08/2019;39.860771;49.704483;28.827654;6.058629;9.514951
26/08/2019;40.192123;49.866776;28.670410;6.076318;9.411233
27/08/2019;40.366077;49.542202;28.460756;5.925958;9.393195
28/08/2019;40.672573;50.200356;28.670410;6.023250;9.424761
29/08/2019;41.028767;50.218391;28.583055;6.164765;9.542007
30/08/2019;41.351837;50.128235;28.478226;6.094008;9.591613
03/09/2019;40.829956;49.830704;30.400068;6.076318;9.744933
04/09/2019;41.351837;50.389694;30.181677;6.226679;9.979424
05/09/2019;41.757732;50.254459;29.692482;6.235524;10.006482
06/09/2019;41.848843;50.128235;29.404203;6.262057;10.015499
09/09/2019;42.180187;50.723274;29.308113;6.270903;10.083142
10/09/2019;42.967136;51.219154;29.194548;6.235524;10.096670
11/09/2019;42.610939;50.939663;29.098459;6.306281;9.916291
12/09/2019;42.826317;50.984737;29.465353;6.297436;9.785518
13/09/2019;42.950565;51.273251;30.146732;6.315126;9.122627
16/09/2019;43.604965;52.283028;30.574781;6.447797;9.514951
17/09/2019;43.754074;52.373188;30.382597;6.341660;9.582592
18/09/2019;43.762367;52.490395;31.002831;6.350504;9.411233
19/09/2019;43.787212;52.571537;30.976624;6.332815;9.429270
20/09/2019;44.599007;52.724804;30.723289;6.297436;9.348100
23/09/2019;44.458187;52.742840;30.723289;6.315126;9.645725
24/09/2019;43.025112;52.192863;30.941677;6.235524;9.731403
25/09/2019;42.663681;52.138779;31.168808;6.235524;9.799047
26/09/2019;43.419678;52.787910;30.723289;6.323971;9.609649
27/09/2019;43.562481;53.292809;30.487429;6.191300;9.654743
30/09/2019;43.680080;53.058392;30.234095;6.102853;9.018910
01/10/2019;43.260082;52.643658;30.697081;6.049785;9.018910
02/10/2019;41.974876;51.038837;31.448349;6.014406;9.091062
03/10/2019;41.521278;51.381439;32.103519;6.023250;9.262421
04/10/2019;41.042473;51.660931;32.042374;6.023250;9.289478
07/10/2019;41.210476;51.552738;30.775705;6.111697;9.100081
08/10/2019;40.773678;50.885563;31.203749;5.996716;9.032438
09/10/2019;41.235672;50.984737;31.797775;6.014406;8.856569
10/10/2019;41.865673;51.624863;31.911337;6.102853;8.843944
11/10/2019;42.831680;52.156807;31.492027;6.200145;8.604040
14/10/2019;42.546074;52.129757;32.225819;6.147076;8.481383
15/10/2019;42.865276;51.877312;33.090652;6.155921;8.465149
16/10/2019;42.924080;51.742069;33.780766;6.217834;8.503030
17/10/2019;43.276878;52.436295;33.483757;6.244368;8.499421
18/10/2019;43.234879;52.039604;34.217548;6.253213;8.504832
21/10/2019;43.688473;52.544483;33.972950;6.306281;8.400213
22/10/2019;43.990879;53.139534;34.287437;6.465486;8.322650
23/10/2019;44.410885;53.743599;33.850651;6.527399;8.362334
24/10/2019;44.032875;53.707527;34.191345;6.677759;8.234266
25/10/2019;44.318478;53.806709;33.990421;6.819274;8.282967
28/10/2019;44.410885;54.023083;33.667206;6.704293;8.264929
29/10/2019;44.251278;54.032101;33.553638;6.916566;8.396606
30/10/2019;44.226082;54.140297;33.903069;7.199597;8.378568
31/10/2019;44.209290;52.264996;33.282837;7.084616;8.308220
01/11/2019;44.704884;52.869057;33.422604;7.296889;8.270341
04/11/2019;45.402084;53.590324;33.178005;7.314579;8.225245
05/11/2019;46.032082;54.239468;33.195480;7.296889;8.344296
06/11/2019;45.603683;53.978008;33.597317;7.279199;8.268537
07/11/2019;46.107677;54.428799;33.378929;7.456094;8.284771
08/11/2019;46.032082;54.320610;33.256630;7.332268;8.257714
11/11/2019;45.805279;54.257504;33.195480;7.181908;8.342493
12/11/2019;45.486080;53.996040;33.387665;7.005013;8.291986
13/11/2019;45.612080;54.356674;33.343983;6.907722;8.282967
14/11/2019;45.586872;54.155186;33.413872;6.801585;8.317239
15/11/2019;45.687683;54.558163;34.016628;6.872343;8.299201
18/11/2019;45.670879;54.420788;33.728352;6.810430;8.232461
19/11/2019;45.074482;53.788837;33.981686;6.836964;8.308220
20/11/2019;45.175278;53.523239;33.806973;6.898877;8.288379
21/11/2019;45.578484;53.733883;32.889732;7.146529;8.432681
22/11/2019;45.603683;53.523239;32.426743;6.960790;8.351511
25/11/2019;45.183685;53.706406;32.094788;7.031548;8.338885
26/11/2019;44.654480;53.092777;32.348122;6.925411;8.338885
27/11/2019;44.419281;52.937088;32.286968;7.005013;8.387587
29/11/2019;44.133682;52.653164;32.662605;7.013858;8.416447
02/12/2019;43.856476;52.323456;32.802372;6.907722;8.353626
03/12/2019;43.537277;51.480858;32.592720;6.810430;8.445224
04/12/2019;43.923683;52.057854;32.077316;6.845809;8.481862
05/12/2019;43.923683;51.737301;32.391804;6.783895;8.540483
06/12/2019;44.503277;52.469994;31.815243;6.836964;8.586283
09/12/2019;44.209290;52.451675;31.684212;6.845809;8.500181
10/12/2019;44.133682;52.534103;32.112255;6.810430;8.536819
11/12/2019;44.251278;52.570744;32.470421;6.854653;8.589946
12/12/2019;44.629284;52.900444;32.627659;6.978479;8.628417
13/12/2019;44.486481;52.607376;32.802372;6.969635;8.571627
16/12/2019;45.108082;53.266792;32.767433;7.058082;8.584451
17/12/2019;45.553284;53.550713;32.994556;7.093461;8.637577
18/12/2019;45.612080;53.596508;32.977085;7.040392;8.732838
19/12/2019;45.704479;53.944538;33.387665;7.102305;8.851913
20/12/2019;45.670879;53.285114;33.868122;7.261510;8.857409
23/12/2019;46.233685;53.852951;33.684673;7.234976;8.921526
24/12/2019;46.015282;53.761364;33.754562;7.234976;8.901376
26/12/2019;46.292488;53.917061;33.212948;7.226131;9.024115
27/12/2019;46.183285;54.118549;33.387665;7.279199;9.124872
30/12/2019;46.275684;53.743042;33.536167;7.217287;9.079072
;;;33.300304;;9.132199
;;;33.300304;;9.132199
;;;33.405136;;9.152350
;;;32.994556;;9.187157
