Date;Total;Shell;Bouygues;Gazprom;EDF
02/01/2020;47.049873;54.713863;33.728352;7.482628;9.205477
03/01/2020;47.220135;55.144321;33.309044;7.305734;9.177998
06/01/2020;48.105450;55.831223;32.793640;7.314579;9.075409
07/01/2020;47.833050;55.318336;33.186745;7.288044;9.060754
08/01/2020;47.543610;54.668068;33.169270;7.296889;9.080904
09/01/2020;47.569153;54.658913;33.169270;7.279199;9.082737
10/01/2020;47.211613;54.045280;32.872261;7.217287;9.007627
13/01/2020;47.160534;53.999485;33.099384;7.234976;9.029610
14/01/2020;46.556133;53.962849;33.509960;7.128840;9.068081
15/01/2020;46.070908;53.871269;33.343983;7.190753;9.205477
16/01/2020;46.224140;53.825474;33.020763;7.234976;9.287913
17/01/2020;45.977272;53.614819;33.116859;7.279199;10.199302
21/01/2020;45.245174;52.625690;33.640995;7.155374;10.322957
22/01/2020;45.032364;52.607368;33.571110;7.013858;10.478671
23/01/2020;44.819534;52.570740;33.396397;6.792740;10.414555
24/01/2020;44.487541;52.360088;32.898468;6.713138;10.419134
27/01/2020;43.253197;51.370949;33.265366;6.447797;10.510731
28/01/2020;43.474529;51.215248;32.042374;6.624691;10.519890
29/01/2020;42.904175;51.041241;32.348122;6.518554;10.442033
30/01/2020;42.470020;49.310253;32.147202;6.430107;10.345856
31/01/2020;41.363369;47.762440;31.658007;6.182455;10.240520
03/02/2020;41.286751;46.929001;31.212486;6.288592;10.217621
04/02/2020;41.635777;47.304508;31.081453;6.438952;10.414555
05/02/2020;42.597713;48.495132;32.007427;6.553933;10.442033
06/02/2020;42.708382;47.753277;32.452950;6.421263;10.533630
07/02/2020;42.061413;47.432728;32.077312;6.226679;10.551950
10/02/2020;41.601727;47.066380;32.618931;6.191300;10.478671
11/02/2020;41.976292;47.615906;32.662605;6.474330;10.524470
12/02/2020;42.401924;48.220371;32.898468;6.598157;10.625227
13/02/2020;41.874134;47.548962;33.081913;6.456642;10.744302
14/02/2020;41.891159;47.082699;33.020763;6.412418;10.744302
18/02/2020;41.422955;46.821598;33.737087;6.394728;11.783927
19/02/2020;41.567677;46.830925;34.060310;6.421263;12.086195
20/02/2020;41.159058;46.271416;33.501225;6.385883;12.402205
21/02/2020;40.861115;45.851772;34.418472;6.368194;12.333507
24/02/2020;38.766987;44.089329;35.990887;6.040939;12.278548
25/02/2020;37.592224;42.802460;35.737549;5.934803;12.411364
26/02/2020;37.379410;42.662575;33.850651;5.961337;12.182372
27/02/2020;36.391926;40.974728;33.597317;5.749064;12.095355
28/02/2020;36.723930;41.058651;33.300304;5.395276;12.090775
02/03/2020;37.813560;41.804668;33.020763;5.377586;11.898421
03/03/2020;37.030392;40.993370;30.994093;5.236071;11.532036
04/03/2020;38.162582;42.242947;30.662138;5.386431;11.765607
05/03/2020;37.064442;40.778900;31.579384;5.006108;11.903001
06/03/2020;36.017368;39.044418;32.225819;4.873438;12.301449
09/03/2020;29.598770;32.339638;31.754093;4.086257;12.077036
10/03/2020;31.514132;34.465771;29.840986;4.413512;11.348841
11/03/2020;29.377441;32.162457;27.290178;4.148171;10.428293
12/03/2020;24.780563;27.350676;25.997301;3.794382;9.924512
13/03/2020;26.576752;28.050060;26.285578;4.192394;9.842074
16/03/2020;22.388487;23.611288;21.734303;3.776693;8.278517
17/03/2020;23.520678;23.928345;22.677752;3.944742;8.360954
18/03/2020;21.111578;20.160984;21.175222;3.555575;7.510936
19/03/2020;21.077526;22.417671;22.223499;3.971276;7.190347
20/03/2020;21.639366;23.387486;20.231770;3.767848;6.228581
23/03/2020;24.516666;25.019388;21.655684;3.767848;5.862194
24/03/2020;28.066484;29.943069;24.826723;3.953587;6.347657
25/03/2020;30.747986;32.022575;23.734768;4.077413;6.045388
26/03/2020;30.745457;32.572765;25.525576;4.121636;6.518027
27/03/2020;30.597689;29.504787;25.735229;3.918208;6.869759
30/03/2020;31.971104;31.183313;27.106730;3.953587;7.120734
31/03/2020;32.370960;32.535458;24.730631;4.033190;6.585809
01/04/2020;32.579586;32.927120;24.049252;3.962432;6.371472
02/04/2020;34.526711;36.330795;23.341661;4.263152;6.582145
03/04/2020;31.006231;33.794357;21.288784;4.360444;6.281707
06/04/2020;32.344883;34.810802;22.144878;4.440046;6.497876
07/04/2020;31.658175;34.745522;22.092464;4.351599;6.633439
08/04/2020;32.249264;35.500862;25.071323;4.528493;6.778162
09/04/2020;31.936335;35.351654;24.922817;4.466581;7.049289
13/04/2020;31.458246;34.848103;25.368334;4.493114;7.014482
14/04/2020;30.736771;34.512398;26.434084;4.555028;7.333238
15/04/2020;29.276426;32.041229;25.202356;4.342754;7.287439
16/04/2020;28.033394;30.400002;23.455227;4.351599;6.996162
17/04/2020;29.997902;33.085644;22.232237;4.395823;6.593136
20/04/2020;28.685331;31.220613;23.000973;4.280842;6.642598
21/04/2020;28.276781;30.707731;23.324192;4.157015;6.457573
22/04/2020;29.876207;32.507488;21.970165;4.360444;6.142480
23/04/2020;30.084829;32.787239;22.861200;4.369289;6.127825
24/04/2020;29.684973;32.666012;23.953159;4.404667;6.180951
27/04/2020;30.562920;33.402695;23.568790;4.431202;6.140648
28/04/2020;31.023621;33.570553;24.486034;4.422357;6.036228
29/04/2020;32.596966;35.444908;24.835459;4.652320;6.202934
30/04/2020;30.554224;30.894236;25.979830;4.466581;6.695724
01/05/2020;29.059109;29.178408;24.555920;4.395823;6.662750
04/05/2020;29.172113;30.539877;22.852467;4.395823;6.333002
05/05/2020;30.432529;30.838282;24.906113;4.501960;6.365976
06/05/2020;29.737127;29.896444;24.182362;4.404667;6.435590
07/05/2020;30.336910;30.334726;24.797550;4.369289;6.529018
08/05/2020;31.658175;31.621595;24.978489;4.448891;6.594968
11/05/2020;30.258677;30.549204;24.372347;4.369289;6.501539
12/05/2020;29.989208;30.036318;23.974283;4.440046;6.627944
13/05/2020;28.937416;28.945280;23.476704;4.333910;6.499708
14/05/2020;29.319883;28.427052;22.391075;4.422357;6.947367
15/05/2020;28.711407;28.389362;22.590107;4.395823;6.916626
18/05/2020;31.023621;30.923958;24.363298;4.661164;7.416161
19/05/2020;30.728075;30.302088;23.187201;4.687699;7.070330
20/05/2020;31.719025;31.517563;22.979122;4.811524;7.158709
21/05/2020;31.327860;30.565910;22.716764;4.802680;7.116440
22/05/2020;31.310469;30.377468;23.340998;4.749611;7.152945
26/05/2020;31.745100;30.801464;24.272829;4.820369;7.306648
27/05/2020;32.388344;31.074715;24.544237;4.838058;7.544887
28/05/2020;32.544811;30.726093;25.068956;4.846903;7.694747
29/05/2020;32.666512;30.104221;25.087049;4.997263;7.675534
01/06/2020;33.605301;31.263157;24.915161;5.050332;7.642872
02/06/2020;34.144238;32.035789;25.267988;5.147624;7.767756
03/06/2020;35.500267;33.590473;25.783661;5.351052;8.054027
04/06/2020;35.422039;33.515087;27.149744;5.068021;8.248077
05/06/2020;37.447399;35.587994;26.824055;5.174158;8.165462
08/06/2020;38.412262;37.020184;27.755886;5.244915;8.261526
09/06/2020;37.230087;35.107452;27.973013;5.244915;8.686131
10/06/2020;36.499912;34.155807;26.597881;5.129934;8.257684
11/06/2020;33.353218;31.272581;26.199818;4.846903;8.102059
12/06/2020;34.413712;32.459793;24.499002;4.953040;7.754307
15/06/2020;34.457169;32.525749;24.915161;4.891127;7.842686
16/06/2020;34.978718;32.949757;25.096096;4.970729;7.852292
17/06/2020;34.744026;32.214806;26.046022;4.899971;7.921460
18/06/2020;34.648403;32.318455;25.738428;4.838058;7.921460
19/06/2020;34.231163;31.979256;25.593678;4.908817;7.898404
22/06/2020;34.752708;32.422108;25.883179;4.908817;7.956041
23/06/2020;35.265572;32.836681;25.476067;4.944195;7.727408
24/06/2020;33.961693;31.206625;26.398851;4.838058;7.794654
25/06/2020;34.737743;31.932148;25.331316;4.864593;7.494934
26/06/2020;34.365280;31.008760;26.136492;4.829214;7.608289
29/06/2020;34.498306;31.508141;26.236006;4.917661;7.664007
30/06/2020;34.108089;30.801464;27.185930;4.793835;7.813867
01/07/2020;34.019405;30.876844;27.511620;4.838058;7.886876
02/07/2020;34.560379;30.999340;27.792072;4.864593;7.919538
06/07/2020;35.101357;31.517563;29.121967;4.899971;8.119350
07/07/2020;34.179039;30.744936;29.067688;4.855748;8.576617
08/07/2020;34.471695;30.858002;29.565268;4.935350;8.580460
09/07/2020;32.972927;29.472927;29.999517;4.926506;8.518979
10/07/2020;33.496166;30.349197;29.492887;4.944195;8.918606
13/07/2020;33.487293;30.537643;28.760092;4.820369;8.695737
14/07/2020;34.622456;31.574095;28.850559;4.811524;8.878259
15/07/2020;34.861908;32.016945;29.438610;4.881362;9.047332
16/07/2020;34.498306;31.545830;28.959124;4.890934;8.974323
17/07/2020;34.125828;31.008760;29.501938;4.890934;9.068465
20/07/2020;33.505039;30.537643;29.881907;5.024932;9.206799
21/07/2020;34.303200;31.498720;29.357187;5.034503;9.329761
22/07/2020;33.602585;30.858002;29.420515;5.015360;9.373951
23/07/2020;33.602585;30.518801;28.950077;4.929219;9.226011
24/07/2020;33.921856;30.424580;28.678669;4.938790;9.179900
27/07/2020;34.134697;30.575335;28.823421;4.910077;9.183743
28/07/2020;33.700142;30.245554;28.416309;4.833506;9.106891
29/07/2020;33.992802;30.537643;28.208231;4.843077;8.903235
30/07/2020;33.966190;29.058346;28.072527;4.728222;9.026198
31/07/2020;33.398613;28.087847;28.208231;4.689937;9.079993
03/08/2020;34.116962;28.549540;27.620182;4.776078;8.684209
04/08/2020;34.897388;29.538883;27.140697;4.737793;8.213494
05/08/2020;35.269855;29.699062;28.334887;4.919648;8.251920
06/08/2020;34.861908;29.444660;28.832468;4.890934;8.461340
07/08/2020;34.533775;29.058346;29.131014;4.823935;8.472867
10/08/2020;34.773224;29.633104;29.049593;4.852649;8.376804
11/08/2020;35.225517;30.009996;28.769138;4.948361;8.384489
12/08/2020;35.890652;30.971069;29.330044;4.996218;8.457497
13/08/2020;35.464970;30.133759;30.144266;5.044075;8.528585
14/08/2020;35.021545;29.600922;29.981422;5.044075;8.647705
17/08/2020;34.817566;29.439171;29.836672;4.929219;8.657311
18/08/2020;34.551510;29.058571;29.619549;4.948361;8.551641
19/08/2020;34.666805;28.944391;29.845722;4.900505;8.482474
20/08/2020;34.391880;28.658945;29.465750;4.814363;8.315322
21/08/2020;34.001671;28.192713;29.791439;4.699508;8.392174
24/08/2020;35.181171;29.049057;29.239578;4.747365;8.234629
25/08/2020;34.968330;28.601854;29.348139;4.718650;8.200046
26/08/2020;34.977200;28.573309;30.225689;4.718650;8.563169
27/08/2020;34.950592;28.335438;30.135221;4.689937;8.497845
28/08/2020;35.438358;28.725550;30.316156;4.699508;8.722634
31/08/2020;35.092491;28.240288;30.696129;4.661222;8.549719
01/09/2020;34.799831;27.783573;30.985628;4.747365;8.444049
02/09/2020;34.773224;27.631334;30.080938;4.613366;8.455576
03/09/2020;34.613590;27.536184;30.117126;4.527225;8.438285
04/09/2020;34.702278;27.507639;30.506144;4.527225;8.626570
08/09/2020;33.709007;26.670326;30.370440;4.316656;8.501687
09/09/2020;34.205639;27.136559;30.415674;4.383655;8.303795
10/09/2020;33.673538;26.518087;31.094189;4.383655;8.488239
11/09/2020;34.134697;26.717901;30.488049;4.517653;7.811945
14/09/2020;33.646927;26.375362;31.050173;4.498510;8.188518
15/09/2020;33.602585;26.489542;30.888203;4.622937;8.069397
16/09/2020;33.682404;26.689356;30.850096;4.651651;8.159699
17/09/2020;33.238979;26.261183;30.688126;4.642080;8.115509
18/09/2020;32.476292;25.671259;30.430883;4.546367;8.125115
21/09/2020;31.225838;25.033760;30.030727;4.421940;8.232706
22/09/2020;30.844498;25.347752;30.297497;4.469797;8.440206
23/09/2020;30.074516;24.852976;29.621044;4.374084;8.323007
24/09/2020;30.264977;25.252602;28.420578;4.316656;8.055949
25/09/2020;29.657320;24.491409;28.506325;4.201800;8.269211
28/09/2020;30.645901;24.824432;28.210974;4.153944;8.403702
29/09/2020;30.228701;24.405775;28.039478;4.106087;8.248077
30/09/2020;31.108448;23.949059;27.753651;4.173087;8.261526
01/10/2020;30.455441;23.064169;28.325302;4.115659;8.455576
02/10/2020;30.228701;23.406710;27.896564;4.096516;8.403702
05/10/2020;31.162861;24.177416;28.220501;4.125230;8.670760
06/10/2020;31.081234;24.072754;27.601212;4.163515;8.814856
07/10/2020;31.353317;24.348684;27.906094;4.077374;9.322076
08/10/2020;31.679825;25.157454;28.287193;4.096516;9.318233
09/10/2020;31.970049;25.366783;28.639709;4.125230;9.416219
12/10/2020;31.688892;25.024244;28.696877;4.163515;9.529574
13/10/2020;31.008675;24.567530;29.354273;4.086945;9.543024
14/10/2020;30.736595;24.538986;29.211361;4.077374;9.841783
15/10/2020;30.192425;24.139359;29.716320;4.058230;9.937848
16/10/2020;29.929403;24.044207;29.220890;3.981660;9.707293
19/10/2020;29.602901;23.825365;29.878288;3.972089;9.981076
20/10/2020;30.183350;24.091780;29.182777;4.067802;9.740916
21/10/2020;29.675459;23.625551;29.278053;4.039088;9.909028
22/10/2020;29.766155;24.215479;29.373329;4.086945;9.947453
23/10/2020;29.811499;24.367714;29.563881;4.106087;10.105961
26/10/2020;28.940828;23.625551;29.077976;4.010375;9.846586
27/10/2020;27.843418;23.016596;28.935064;3.914661;9.889816
28/10/2020;26.446711;21.979471;29.316164;3.723235;10.024306
29/10/2020;26.981813;23.435253;28.391994;3.780663;9.880209
30/10/2020;27.507845;24.310627;26.848537;3.684950;9.865800
02/11/2020;28.795715;25.376297;26.076809;3.713664;9.498834
03/11/2020;29.358027;25.566597;26.629406;3.866805;9.448881
04/11/2020;29.330818;25.595139;26.819954;4.000803;9.575686
05/11/2020;29.421511;25.538050;27.610739;4.048659;9.731310
06/11/2020;29.448723;25.376297;28.106171;4.029517;9.961864
09/11/2020;33.947201;28.763611;28.068058;4.230514;10.178008
10/11/2020;35.434601;30.219395;28.487270;4.297513;10.182812
11/11/2020;34.554855;29.867338;28.353886;4.220942;10.014699
12/11/2020;33.938133;29.456697;31.050173;4.249657;10.509429
13/11/2020;35.189724;30.014481;31.745680;4.441082;10.547855
16/11/2020;36.922005;31.928255;31.431274;4.613366;11.052193
17/11/2020;37.520592;32.457184;31.135920;4.555939;10.951324
18/11/2020;36.831306;31.726297;31.774261;4.584652;10.994555
19/11/2020;37.375484;31.909016;32.231586;4.594223;11.076209
20/11/2020;37.475243;32.370632;32.850872;4.565510;11.095423
23/11/2020;39.343567;33.861256;32.241112;4.603795;11.162667
24/11/2020;41.275368;35.688480;31.993397;4.709079;11.436450
25/11/2020;40.586086;34.947975;31.593241;4.709079;11.503695
27/11/2020;40.939796;34.880653;31.812372;4.642080;11.532515
30/11/2020;38.218948;32.543736;32.574574;4.517653;11.321173
01/12/2020;39.388912;33.717007;32.012451;4.632509;11.354795
02/12/2020;39.742626;34.996056;31.898121;4.728222;11.239518
03/12/2020;39.769829;35.303795;32.183945;4.699508;12.478747
04/12/2020;41.583736;36.765572;31.802847;4.843077;12.214571
07/12/2020;40.323071;35.986599;32.641266;4.910077;12.334652
08/12/2020;40.468185;35.957748;33.155750;4.881362;12.377880
09/12/2020;40.558887;36.140472;33.289135;4.862220;12.469141
10/12/2020;41.402348;36.948292;33.822678;5.024932;12.642056
11/12/2020;40.967010;36.361664;33.098591;5.245072;12.373077
14/12/2020;40.014709;35.024902;33.012840;5.130217;12.214571
15/12/2020;40.722130;36.140472;33.022366;5.197215;12.286618
16/12/2020;40.050987;36.380894;32.555519;5.331213;12.008033
17/12/2020;40.114475;36.640553;32.183945;5.560925;11.825510
18/12/2020;39.515884;35.871197;32.250637;5.532211;11.883149
21/12/2020;38.581722;34.178619;32.736542;5.197215;12.008033
22/12/2020;38.264297;33.601597;32.545990;5.225929;11.935985
23/12/2020;39.416115;34.563293;32.393551;5.264215;12.171342
24/12/2020;39.416115;34.457504;32.536465;5.283357;11.993622
28/12/2020;39.198452;34.524826;31.478910;5.302500;11.599759
29/12/2020;39.289146;34.755630;31.993397;5.350356;11.969607
30/12/2020;39.428589;34.649845;32.479298;5.426927;12.094490
;;;32.364971;;12.056065
;;;32.774654;;12.238586
;;;32.593628;;12.334652
;;;32.355442;;12.339455
